
------------------------------------ 
display double word variables 
sides: 	0x6002d0:	10	14	13	37	54	14	29	64
0x6002e0:	67	34	31	13	20	61	36	14
0x6002f0:	53	44	19	42	44	52	31	42
0x600300:	56	15	24	36	75	46	27	41
0x600310:	53	62	10	33	4	73	31	15
0x600320:	5	11	22	33	70	15	23	15
0x600330:	63	26	16	13	64	53	65	26
0x600340:	12	57	67	34	24	33	10	61
0x600350:	15	38	73	29	17	93	64	73
0x600360:	74	23	56	9	8	4	10	15
0x600370:	13	23	53	67	35	14	34	13
0x600380:	71	81	17	14	17	25	53	23
0x600390:	73	15	6	13
length: 	0x600398:	100
caMin: 	0x60039c:	96
caMid: 	0x60039e:	2796
caMax 	0x6003a0:	51894
caSum 	0x6003a2:	1043580
caAve: 	0x6003a6:	10435
cvMin: 	0x6003a8:	64
cvMid: 	0x6003ac:	10836
cvMax 	0x6003b0:	804357
cvSum 	0x6003b4:	10245242
cvAve: 	0x6003b8:	102452
cubeAreas: 	0x6003bc:	600	1176	1014	8214	17496	1176	5046	24576
0x6003cc:	26934	6936	5766	1014	2400	22326	7776	1176
0x6003dc:	16854	11616	2166	10584	11616	16224	5766	10584
0x6003ec:	18816	1350	3456	7776	33750	12696	4374	10086
0x6003fc:	16854	23064	600	6534	96	31974	5766	1350
0x60040c:	150	726	2904	6534	29400	1350	3174	1350
0x60041c:	23814	4056	1536	1014	24576	16854	25350	4056
0x60042c:	864	19494	26934	6936	3456	6534	600	22326
0x60043c:	1350	8664	31974	5046	1734	51894	24576	31974
0x60044c:	32856	3174	18816	486	384	96	600	1350
0x60045c:	1014	3174	16854	26934	7350	1176	6936	1014
0x60046c:	30246	39366	1734	1176	1734	3750	16854	3174
0x60047c:	31974	1350	216	1014
cubeVolumes: 	0x600484:	1000	2744	2197	50653
0x600494:	157464	2744	24389	262144
0x6004a4:	300763	39304	29791	2197
0x6004b4:	8000	226981	46656	2744
0x6004c4:	148877	85184	6859	74088
0x6004d4:	85184	140608	29791	74088
0x6004e4:	175616	3375	13824	46656
0x6004f4:	421875	97336	19683	68921
0x600504:	148877	238328	1000	35937
0x600514:	64	389017	29791	3375
0x600524:	125	1331	10648	35937
0x600534:	343000	3375	12167	3375
0x600544:	250047	17576	4096	2197
0x600554:	262144	148877	274625	17576
0x600564:	1728	185193	300763	39304
0x600574:	13824	35937	1000	226981
0x600584:	3375	54872	389017	24389
0x600594:	4913	804357	262144	389017
0x6005a4:	405224	12167	175616	729
0x6005b4:	512	64	1000	3375
0x6005c4:	2197	12167	148877	300763
0x6005d4:	42875	2744	39304	2197
0x6005e4:	357911	531441	4913	2744
0x6005f4:	4913	15625	148877	12167
0x600604:	389017	3375	216	2197

------------------------------------ 

 
